20110120 090626
20110216 171832
20110316 011035
20110412 081202
20110509 140935
20110605 191528
20110703 000007
20110730 045724
20110826 103053
20110922 164641
20111019 233655
20111116 065111
20111213 142559
20120109 222220
20120206 063346
20120304 143730
20120331 220131
20120428 042353
20120525 094701
20120621 143549
20120718 192437
20120815 004222
20120911 064209
20121008 132026
20121104 202618
20121202 035306
20121229 114108
20130125 194823
20130222 035838
20130321 114133
20130417 182859
20130515 001314
20130611 051134
20130708 095626
20130804 150025
20130831 204329
20130928 030756
20131025 100412
20131121 172258
20131219 010223
20140115 090303
20140211 171516
20140311 011300
20140407 082442
20140504 143304
20140531 194607
20140628 003206
20140725 052520
20140821 105150
20140917 170043
20141014 234547
20141111 065613
20141208 142712
20150104 221948
20150201 062947
20150228 143711
20150327 221016
20150424 044356
20150521 101604
20150617 150826
20150714 195452
20150811 010608
20150907 065829
20151004 133050
20151031 203236
20151128 035548
